image: asym_arena.pgm
resolution: 0.010000
origin: [-12.560000, -12.880000, 0.000000]
negate: 0
occupied_thresh: 0.65
free_thresh: 0.196

